Background_rpf_1x0_par0: 0.0543043403727 +/- 0.000487157551873
Background_rpf_1x0_par1: -0.0251335145194 +/- 0.0014342513152
