Background_rpf_1x0_par0: 0.0543058688908 +/- 0.000484980957467
Background_rpf_1x0_par1: -0.0251382371792 +/- 0.00143141019086
