Background_rpf_3x2_par0: 0.270622285264 +/- 0.0085734210102
Background_rpf_3x2_par1: -0.194965367406 +/- 0.021428068952
Background_rpf_3x2_par2: 0.129549191433 +/- 0.0568046768303
Background_rpf_3x2_par3: -0.0811740874506 +/- 0.0484830258011
Background_rpf_3x2_par4: 0.202862538792 +/- 0.00669973084189
Background_rpf_3x2_par5: 0.0857705394612 +/- 0.0103864179431
