Background_rpf_3x2_par0: 0.270617142793 +/- 0.0419646475867
Background_rpf_3x2_par1: -0.195201941611 +/- 0.0472054522332
Background_rpf_3x2_par2: 0.130262387142 +/- 0.0991192088449
Background_rpf_3x2_par3: -0.0817124342101 +/- 0.0777117646024
Background_rpf_3x2_par4: 0.202882947209 +/- 0.0312056915487
Background_rpf_3x2_par5: 0.0857835291423 +/- 0.0170259096082
