Background_rpf_2x1_par0: 0.267401707731 +/- 0.0284738745411
Background_rpf_2x1_par1: -0.161185152062 +/- 0.0247417018438
Background_rpf_2x1_par2: 0.0279348279173 +/- 0.0256026038101
Background_rpf_2x1_par3: 0.203291704051 +/- 0.0217764507904
Background_rpf_2x1_par4: 0.0853799232748 +/- 0.0139320196329
