Background_rpf_2x1_par0: 0.267172651413 +/- 0.0086105264121
Background_rpf_2x1_par1: -0.160857360216 +/- 0.0173070427344
Background_rpf_2x1_par2: 0.0276154111045 +/- 0.0227673576442
Background_rpf_2x1_par3: 0.203443278358 +/- 0.00667419273129
Background_rpf_2x1_par4: 0.0855663435065 +/- 0.0105372818688
