Background_rpf_0x1_par0: 0.161135831689 +/- 0.0026408652759
Background_rpf_0x1_par1: 0.00629035094695 +/- 0.0122217599052
