Background_rpf_2x0_par0: 0.526543419182 +/- 0.00152560245921
Background_rpf_2x0_par1: -0.169051926558 +/- 0.00651043235804
Background_rpf_2x0_par2: 0.0265687928539 +/- 0.0139881996832
Background_rpf_2x0_par3: 0.326910398279 +/- 0.00100360583002
