Background_rpf_2x0_par0: 0.492450953151 +/- 0.0343364701372
Background_rpf_2x0_par1: -0.145307560295 +/- 0.0765989931121
Background_rpf_2x0_par2: -0.0175139874298 +/- 0.116234556128
Background_rpf_2x0_par3: 0.349172357755 +/- 0.0245269098011
