Background_rpfT_par0: 0.171576219592 +/- 0.00285707473086
Background_rpfT_par1: -0.0538351232956 +/- 0.0117792528955
