Background_rpfL_par0: 0.0538896516983 +/- 0.000562501519111
Background_rpfL_par1: -0.0303523260464 +/- 0.0034342862421
Background_rpfL_par2: 0.00243470813997 +/- 0.00450633699815
Background_rpfL_par3: 0.525257523852 +/- 0.046778026359
