Background_rpfL_par0: 0.0538909262739 +/- 0.00056049823666
Background_rpfL_par1: -0.0299523276093 +/- 0.0034117799349
Background_rpfL_par2: 0.00190690571181 +/- 0.00446548857369
Background_rpfL_par3: 0.518371337123 +/- 0.0465569016321
