Background_rpfT_par0: 0.171048426339 +/- 0.00297518227529
Background_rpfT_par1: -0.0523023627054 +/- 0.0120865634738
