Background_rpf_2x0_par0: 0.285199120683 +/- 0.0389516533086
Background_rpf_2x0_par1: -0.130623296528 +/- 0.0286008902725
Background_rpf_2x0_par2: -0.000396375047643 +/- 0.0298616512612
Background_rpf_2x0_par3: 0.189483753567 +/- 0.0258595673524
