Background_rpf_2x0_par0: 0.295603901887 +/- 0.0407286095409
Background_rpf_2x0_par1: -0.133531178816 +/- 0.02966680313
Background_rpf_2x0_par2: -0.0034853259203 +/- 0.0307823341932
Background_rpf_2x0_par3: 0.18302828355 +/- 0.0251488079343
