Background_rpf_2x2_par0: 0.292514174616 +/- 0.00909256064592
Background_rpf_2x2_par1: -0.144571101248 +/- 0.0197458503423
Background_rpf_2x2_par2: 0.00741122787829 +/- 0.0264415634947
Background_rpf_2x2_par3: 0.186080804185 +/- 0.00586564215613
Background_rpf_2x2_par4: 0.283850165785 +/- 0.653314231223
Background_rpf_2x2_par5: 0.283850165785 +/- 0.653314231223
