Background_rpf_2x2_par0: 0.277243904311 +/- 0.00901102192611
Background_rpf_2x2_par1: -0.136968095602 +/- 0.0186845987626
Background_rpf_2x2_par2: 0.00691666331058 +/- 0.0250624029994
Background_rpf_2x2_par3: 0.196333783926 +/- 0.00649929444081
Background_rpf_2x2_par4: 0.291603006045 +/- 0.653923914907
Background_rpf_2x2_par5: 0.291603163165 +/- 0.653849751818
