Background_rpf_0x1_par0: 0.0475967423139 +/- 0.000336048376834
Background_rpf_0x1_par1: 0.00227609938144 +/- 0.00207661377957
