Background_rpf_0x1_par0: 0.0475964731358 +/- 0.000335182432522
Background_rpf_0x1_par1: 0.0022797980079 +/- 0.00208831464202
