Background_rpf_1x1_par0: 0.250029842631 +/- 0.0082412370775
Background_rpf_1x1_par1: -0.132934118911 +/- 0.00718156895726
Background_rpf_1x1_par2: 0.215435172254 +/- 0.00717183386692
Background_rpf_1x1_par3: 0.0890484699858 +/- 0.0109811163992
