Background_rpf_1x1_par0: 0.250011982688 +/- 0.0395747929395
Background_rpf_1x1_par1: -0.132891854095 +/- 0.0219925126001
Background_rpf_1x1_par2: 0.215450774363 +/- 0.0340179478587
Background_rpf_1x1_par3: 0.0889853897969 +/- 0.0179612863132
