Background_rpf_2x1_par0: 0.451600463079 +/- 0.000643112793142
Background_rpf_2x1_par1: -0.145625312879 +/- 0.00273959426796
Background_rpf_2x1_par2: 0.0233847187263 +/- 0.00590566976445
Background_rpf_2x1_par3: 0.378644642047 +/- 0.000575693804304
Background_rpf_2x1_par4: 0.0155316280415 +/- 0.00265768506529
