Background_rpf_1x1_par0: 0.426255153212 +/- 0.473149377219
Background_rpf_1x1_par1: -0.13392436551 +/- 0.151284077431
Background_rpf_1x1_par2: 0.401504846728 +/- 0.445710153831
Background_rpf_1x1_par3: 0.0120553136351 +/- 0.0333805283836
