Background_rpf_1x1_par0: 0.422831071327 +/- 0.000285620678863
Background_rpf_1x1_par1: -0.122645561445 +/- 0.00121138514169
Background_rpf_1x1_par2: 0.402061284975 +/- 0.000289346825625
Background_rpf_1x1_par3: 0.0191489581929 +/- 0.00134191427901
