Background_rpf_1x0_par0: 0.171991535804 +/- 0.000272058542027
Background_rpf_1x0_par1: -0.0540069592456 +/- 0.0011470407609
