Background_rpf_1x0_par0: 0.171324737871 +/- 0.0027687044497
Background_rpf_1x0_par1: -0.0495058882691 +/- 0.0116036645446
