Background_rpf_3x2_par0: 0.442189717905 +/- 0.0326186082221
Background_rpf_3x2_par1: -0.0526403765363 +/- 0.0915120041976
Background_rpf_3x2_par2: -0.289347807139 +/- 0.278950373567
Background_rpf_3x2_par3: 0.265803529619 +/- 0.258469087093
Background_rpf_3x2_par4: 0.38054753083 +/- 0.0280698460154
Background_rpf_3x2_par5: 0.0181494452876 +/- 0.028623917373
