Background_rpf_3x2_par0: 0.442469641013 +/- 0.31111654976
Background_rpf_3x2_par1: -0.0489160315783 +/- 0.186840478532
Background_rpf_3x2_par2: -0.297454487209 +/- 0.630276723242
Background_rpf_3x2_par3: 0.238758285316 +/- 0.535954492014
Background_rpf_3x2_par4: 0.381353499002 +/- 0.267969419172
Background_rpf_3x2_par5: 0.0113084018786 +/- 0.0301479175491
