Background_rpf_2x2_par0: 0.481877385193 +/- 3.24959873659e-05
Background_rpf_2x2_par1: -0.153767128939 +/- 0.000138597167854
Background_rpf_2x2_par2: 0.023324740662 +/- 0.000298980232571
Background_rpf_2x2_par3: 0.356997825172 +/- 2.55219140755e-05
Background_rpf_2x2_par4: 0.0905361445605 +/- 0.00626374789624
Background_rpf_2x2_par5: 0.0905417448529 +/- 0.00626418299026
